   105  86.850e-08  10.887e-09  13.209e-07  14.368e-09
        20.468e-07  17.931e-08  10.321e-07  17.931e-08
           12.761       0.544       3.840
           11.857       0.265       3.840
            9.937       0.123       4.160
   107  55.032e-09  98.234e-10  56.918e-09  10.321e-09
        59.237e-09  20.034e-09  76.854e-09  54.990e-08
            0.408       0.217      -0.448
            0.299       0.108      -0.256
            0.200       0.053       0.128
   108  82.861e-10  60.599e-10  14.947e-09  52.203e-10
        31.987e-09  12.363e-09  14.604e-07  42.317e-08
            0.812       0.238       0.000
            0.439       0.107       0.128
            0.112       0.048       0.768
   109  44.255e-07  39.649e-09  73.080e-07  49.525e-09
        17.653e-06  12.098e-08  29.537e-06  90.307e-08
            3.777       0.354      34.368
            3.620       0.173      34.560
            3.350       0.084      35.072
   110  45.034e-08  36.621e-09  46.726e-08  40.653e-09
        17.766e-07  14.014e-08  40.053e-08  70.827e-08
            0.475       0.218       0.000
            0.478       0.107       0.192
            0.367       0.052       0.320
   111  11.110e-07  33.433e-09  18.851e-07  45.079e-09
        20.220e-07  88.778e-09       0.000  43.962e-08
            0.774       0.257       2.624
            0.649       0.124       2.816
            0.589       0.061       2.880
   114  65.931e-08  59.408e-09  70.190e-08  75.803e-09
        72.099e-08  15.653e-08       0.000  12.035e-07
            0.740       0.251      -0.128
            0.722       0.122      -0.128
            0.516       0.059       0.576
   121  24.987e-07  39.769e-09  26.381e-07  36.622e-09
        47.813e-07  10.211e-08  72.660e-07  11.075e-07
            1.793       0.270      53.888
            1.496       0.136       1.984
            1.128       0.063       2.304
   130  31.859e-07  30.566e-09  48.850e-07  37.336e-09
        13.484e-06  10.646e-08  17.184e-06  79.320e-08
            3.926       0.369      12.096
            3.468       0.178      12.160
            2.816       0.083      12.224
   133  74.327e-08  41.611e-09  74.700e-08  44.329e-09
        24.223e-07  11.826e-08  18.328e-07  81.751e-08
            0.808       0.242     144.832
            0.659       0.118     143.936
            0.607       0.059     144.448
   138  67.073e-10  22.032e-10  17.829e-09  30.396e-10
        58.935e-09  74.537e-10  52.760e-09  63.551e-09
            1.107       0.253       0.256
            0.722       0.114       0.320
            0.364       0.052       0.320
   142  45.110e-08  12.951e-09  13.259e-07  17.685e-09
        43.792e-07  38.644e-09  14.688e-07  17.783e-08
            8.866       0.535       1.280
            8.600       0.264       0.576
            8.027       0.129       1.344
   143  57.236e-07  34.374e-09  75.901e-07  43.080e-09
        45.620e-06  13.972e-08  23.324e-05  12.379e-07
           52.008       1.426       1.280
           47.569       0.682       1.344
           37.634       0.301       2.880
   148  63.097e-08  17.111e-09  64.312e-08  14.973e-09
        81.738e-08  37.501e-09  70.846e-10  21.302e-08
            1.442       0.256       2.304
            1.404       0.126       2.496
            1.267       0.062       2.816
   160  51.678e-08  19.274e-09  83.949e-08  17.863e-09
        30.642e-07  53.497e-09  43.976e-08  22.696e-08
            4.210       0.411      13.952
            3.000       0.188      15.744
            2.584       0.089      13.952
   171  43.360e-08  32.945e-09  44.697e-08  27.846e-09
        78.429e-08  51.413e-09  17.973e-08  25.061e-08
            1.077       0.329       0.704
            0.646       0.157       0.768
            0.602       0.078       1.472
   179  25.648e-08  77.966e-10  27.782e-08  97.845e-10
        50.439e-08  19.354e-09  75.724e-09  13.397e-08
            5.249       0.369       1.984
            4.736       0.178       2.048
            2.500       0.071       2.304
   185  85.668e-10  13.707e-10  85.117e-10  14.340e-10
        33.879e-09  51.329e-10       0.000  64.211e-09
            1.583       0.266       0.000
            0.729       0.117       0.128
            0.165       0.052       0.768
   204  14.705e-09  65.476e-10  55.198e-09  82.568e-10
        53.717e-08  22.567e-09  14.911e-07  22.728e-08
            0.708       0.233       1.152
            0.674       0.114       1.024
            0.513       0.056       1.344
   206  12.163e-09  46.723e-10  23.309e-09  63.901e-10
        99.594e-09  15.670e-09  42.165e-08  14.117e-08
            2.161       0.315       0.000
            1.659       0.146       0.192
            0.566       0.061       0.448
   207  40.862e-10  18.969e-10  84.507e-10  21.974e-10
        58.126e-09  60.817e-10  33.352e-08  11.754e-08
            2.836       0.371       0.000
            1.025       0.151       0.128
            0.198       0.067       0.768
   211  36.627e-08  25.008e-09  39.705e-08  27.062e-09
        75.491e-08  53.728e-09       0.000  43.362e-08
            0.700       0.242       2.176
            0.507       0.116       2.240
            0.466       0.057       2.944
   214  40.552e-08  22.523e-09  44.031e-08  21.646e-09
        41.376e-08  54.889e-09       0.000  30.986e-08
            0.982       0.251       0.000
            0.752       0.121      12.480
            0.649       0.060      12.544
   218  11.181e-09  55.120e-10  35.093e-09  64.808e-10
        12.263e-08  13.115e-09  34.937e-08  12.767e-08
            0.978       0.246       0.512
            0.868       0.120      -0.128
            0.665       0.057       0.320
   219  30.342e-07  53.143e-09  42.219e-07  40.734e-09
        10.534e-06  87.486e-09  14.797e-06  72.386e-08
           20.133       0.637     115.200
           18.063       0.302     115.264
           13.069       0.130     115.328
   222  78.081e-08  23.233e-09  10.401e-07  25.256e-09
        27.646e-07  68.917e-09  25.434e-07  51.180e-08
            4.538       0.364      68.544
            3.990       0.174      68.672
            3.005       0.080      68.736
   223  51.747e-09  11.111e-09  64.875e-09  14.638e-09
        16.753e-08  33.177e-09       0.000  20.308e-08
            0.633       0.241      -0.384
            0.457       0.117       0.000
            0.374       0.057       0.576
   226  21.662e-07  42.974e-09  32.057e-07  34.072e-09
        94.294e-07  83.599e-09  24.648e-06  13.041e-07
            1.307       0.238      47.232
            1.298       0.118      30.400
            1.090       0.058      47.232
   228  13.305e-08  11.620e-09  12.437e-08  11.291e-09
        17.675e-08  28.765e-09  47.203e-09  15.926e-08
            1.332       0.265       0.000
            1.054       0.129       0.128
            0.817       0.062       0.704
   229  44.308e-10  17.163e-10  11.202e-09  24.303e-10
        54.209e-09  72.257e-10  66.156e-09  69.113e-09
            1.085       0.220       0.000
            0.674       0.102       0.192
            0.288       0.045       0.448
   235  15.130e-08  16.989e-09  21.635e-08  18.120e-09
        97.628e-08  65.089e-09  16.195e-07  35.283e-08
            0.719       0.244       1.536
            0.552       0.121       1.664
            0.405       0.058       2.432
   237  67.389e-09  12.327e-09  82.897e-09  14.072e-09
        38.104e-08  27.795e-09  38.164e-08  29.550e-08
            0.967       0.252      -0.128
            0.825       0.123      -0.064
            0.639       0.061       0.768
   249  64.429e-07  36.007e-09  12.132e-06  37.487e-09
        42.087e-06  85.406e-09  89.605e-06  53.710e-08
           35.696       0.814      21.312
           34.621       0.403      21.376
           31.660       0.190      22.080
   254  11.875e-09  16.056e-09  15.741e-09  14.111e-09
        15.703e-08  60.678e-08  10.978e-07  60.678e-08
            1.545       0.272       0.000
            1.319       0.131       0.064
            0.483       0.057       0.512
   257  79.986e-08  18.309e-09  12.911e-07  25.601e-09
        41.876e-07  62.867e-09  30.458e-06  91.037e-08
            1.866       0.287       1.088
            1.711       0.141       1.280
            1.493       0.069       1.280
   269  68.059e-09  62.858e-10  10.496e-08  67.468e-10
        40.408e-08  23.767e-09  22.526e-08  14.104e-08
            1.574       0.251       0.384
            1.367       0.125       0.384
            1.143       0.060       0.832
   288  30.921e-08  24.349e-09  31.707e-08  21.023e-09
        54.802e-08  11.593e-07  42.687e-07  11.593e-07
            0.659       0.204      -1.408
            0.519       0.101      -1.216
            0.397       0.050      -1.024
   289  52.673e-11  11.284e-10  36.352e-10  13.682e-10
        29.896e-09  46.738e-10  62.825e-09  60.895e-09
            1.607       0.253      -0.128
            0.510       0.105       0.000
            0.163       0.047       0.256
   297  14.867e-09  39.478e-10  33.207e-09  30.735e-10
        15.530e-08  78.882e-10  86.784e-08  10.177e-08
            2.979       0.316       0.256
            2.190       0.142       0.256
            0.800       0.055       0.320
   298  13.681e-08  56.766e-10  24.541e-08  65.185e-10
        11.921e-07  16.566e-09  47.116e-07  11.955e-08
           56.127       1.224       0.000
           22.047       0.385       0.128
            6.175       0.114       0.704
   332  51.098e-08  16.855e-09  88.790e-08  17.012e-09
        19.133e-07  50.136e-09  70.950e-08  30.290e-08
            1.238       0.225       3.264
            1.188       0.110       3.072
            1.127       0.054       3.264
   351  36.229e-07  64.732e-09  37.990e-07  57.367e-09
        91.375e-07  15.328e-08  18.439e-06  14.465e-07
            1.450       0.258      41.792
            1.226       0.126      41.920
            1.220       0.062      42.240
   353  46.240e-11  29.195e-10  20.149e-09  46.274e-10
        28.728e-09  11.090e-09  40.365e-10  63.873e-09
            1.719       0.274       0.000
            0.962       0.124       0.192
            0.270       0.055       0.320
   373  32.774e-10  66.443e-10  10.944e-09  81.095e-10
        20.065e-08  17.344e-09  61.125e-09  10.108e-08
            1.089       0.267       0.000
            0.644       0.129       0.128
            0.523       0.063       0.128
   394  59.717e-07  56.132e-09  68.778e-07  46.539e-09
        24.340e-06  14.209e-08  34.792e-06  12.239e-07
            5.105       0.376      23.232
            4.777       0.181      23.296
            4.056       0.086      23.616
   398  62.871e-08  23.534e-09  91.102e-08  28.172e-09
        23.802e-07  71.682e-09  20.301e-07  42.622e-08
            2.031       0.382       0.448
            1.714       0.186       0.448
            1.536       0.092       1.216
   401  22.569e-09  59.371e-10  42.382e-09  63.926e-10
        10.128e-08  20.860e-09  33.743e-09  13.858e-08
            0.418       0.240      -1.024
            0.333       0.115      -1.024
            0.240       0.056      -0.512
   404  72.018e-08  21.901e-09  10.010e-07  25.070e-09
        18.912e-07  45.520e-09  16.119e-07  51.256e-08
            1.218       0.230      34.112
            1.006       0.111      34.240
            0.827       0.054      34.944
   408  97.329e-08  32.542e-09  18.275e-07  41.373e-09
        30.124e-07  10.178e-08  62.688e-08  63.294e-08
            1.575       0.269       0.640
            1.435       0.131      23.104
            1.208       0.063      23.168
   414  15.298e-08  16.944e-09  11.744e-08  13.366e-09
        25.900e-08  29.751e-09  66.292e-09  28.190e-08
            1.051       0.228      -0.896
            1.013       0.112      -0.768
            0.641       0.052      -0.576
   432  50.370e-10  93.162e-11  96.922e-10  14.265e-10
        72.313e-09  40.178e-10  62.209e-08  10.159e-08
            4.976       0.401       0.000
            1.336       0.145       0.064
            0.374       0.064       0.896
   444  18.878e-08  69.883e-10  25.921e-08  74.834e-10
        58.230e-08  16.244e-09  47.278e-08  10.593e-08
           28.559       0.768       0.064
           16.597       0.300       0.128
            4.368       0.092       0.320
   451  30.934e-07  31.095e-09  42.095e-07  36.739e-09
        70.203e-07  80.691e-09  69.350e-07  50.757e-08
           17.457       0.947       5.632
           16.923       0.467       5.696
           15.386       0.225       5.952
   465  87.162e-09  18.716e-09  61.648e-09  14.299e-09
        23.565e-08  43.579e-09       0.000  27.910e-08
            0.315       0.216       0.768
            0.309       0.105       0.768
            0.244       0.052      -0.192
   467  25.973e-08  10.524e-09  47.777e-08  14.907e-09
        20.835e-07  35.647e-09  39.194e-07  24.044e-08
            8.998       0.514       0.320
            7.729       0.242       0.448
            4.376       0.097       1.024
   469  43.710e-08  15.368e-09  62.964e-08  18.639e-09
        26.730e-07  37.598e-09  69.479e-07  38.578e-08
            4.424       0.400       2.688
            4.222       0.198       2.688
            3.820       0.095       3.264
   472  91.455e-08  94.273e-09  10.918e-07  77.908e-09
        19.800e-07  23.103e-08       0.000  18.630e-07
            1.395       0.434      -1.600
            0.852       0.207      -1.536
            0.681       0.102      -0.832
   473  27.740e-08  20.900e-09  33.431e-08  21.285e-09
        44.000e-08  59.148e-09  22.791e-09  33.101e-08
            0.608       0.252       0.064
            0.554       0.122      -0.320
            0.443       0.060       0.256
   474  12.804e-09  17.907e-10  33.208e-09  31.043e-10
        38.937e-08  10.227e-09  48.366e-07  17.087e-08
           10.641       0.586       0.064
            5.782       0.234       0.128
            1.552       0.082       0.192
   480  11.837e-09  17.601e-10  16.031e-09  19.099e-10
        11.450e-08  72.916e-10  10.105e-07  11.838e-08
            6.625       0.465       0.000
            1.945       0.161       0.128
            0.514       0.066       0.896
   486  96.414e-10  33.339e-10  13.888e-09  27.498e-10
        65.324e-09  73.057e-10       0.000  46.022e-09
            1.554       0.250      -0.256
            1.088       0.117      -0.128
            0.372       0.052       0.576
   491  12.483e-10  14.025e-10  33.176e-10  16.730e-10
        26.890e-09  47.219e-10  11.517e-07  16.608e-08
            0.612       0.271       0.000
            0.386       0.122       0.128
            0.114       0.054       0.192
   493  17.028e-08  12.693e-09  18.204e-08  13.574e-09
        32.496e-08  25.336e-09       0.000  31.244e-08
            1.283       0.249       0.576
            1.096       0.121       0.704
            0.952       0.060       1.152
   501  13.824e-08  74.931e-10  15.032e-08  80.585e-10
        36.058e-08  25.701e-09       0.000  10.169e-08
            1.147       0.238       0.256
            1.099       0.118       0.256
            0.923       0.057       0.768
   503  65.872e-09  66.339e-10  14.035e-08  75.318e-10
        63.985e-08  18.881e-09  49.223e-07  23.699e-08
            5.209       0.449       0.128
            5.055       0.217       0.192
            3.048       0.089       0.896
   508  11.313e-09  58.214e-10       0.000  74.470e-10
        74.761e-09  13.279e-09  42.405e-08  19.342e-08
            0.728       0.216      -0.576
            0.549       0.105      -0.384
            0.308       0.050      -0.256
   512       0.000  14.613e-10  10.195e-09  19.366e-10
        61.854e-09  69.235e-10  35.508e-08  90.183e-09
            3.331       0.375       0.000
            1.095       0.147       0.192
            0.302       0.066       0.256
   516  35.412e-08  15.128e-09  31.985e-08  16.734e-09
        30.207e-08  31.988e-09  17.449e-08  41.221e-08
            0.935       0.221       0.000
            0.775       0.111       0.384
            0.696       0.054       0.896
   526  14.714e-08  24.118e-09  57.313e-09  13.864e-09
        51.129e-09  38.962e-09  35.090e-08  34.085e-08
            0.647       0.249      -0.064
            0.494       0.121       0.064
            0.265       0.058       0.512
   537  45.857e-09  10.465e-09  71.154e-09  10.978e-09
        55.177e-08  26.698e-09  13.917e-07  27.711e-08
            1.827       0.324       0.000
            1.455       0.157       0.192
            1.282       0.077       0.960
   540  12.572e-08  82.050e-10  10.476e-08  88.934e-10
        10.030e-08  14.135e-09       0.000  73.742e-09
            0.880       0.220       0.064
            0.759       0.108       0.064
            0.619       0.053       0.640
   543  60.751e-08  10.401e-09  13.739e-07  14.362e-09
        30.237e-07  32.612e-09  27.225e-07  19.647e-08
           11.158       0.507       1.152
           10.556       0.249       1.216
            9.145       0.118       1.280
   547  81.305e-10  24.365e-10  32.055e-09  32.273e-10
        18.662e-08  10.367e-09  32.394e-08  67.299e-09
            2.936       0.327       0.064
            2.692       0.156       0.128
            0.889       0.061       0.256
   548  79.023e-08  18.742e-09  13.811e-07  25.636e-09
        32.488e-07  52.366e-09  72.472e-08  32.598e-08
            2.202       0.283       5.504
            1.996       0.139       5.504
            1.825       0.068       5.760
   549  71.425e-09  17.272e-09  11.292e-08  22.066e-09
        22.612e-08  37.854e-09  94.081e-08  45.933e-08
            0.530       0.238      -0.384
            0.334       0.117       0.128
            0.265       0.057       0.448
   550  51.232e-09  10.241e-09  11.463e-08  14.015e-09
        14.963e-08  35.216e-09       0.000  22.543e-08
            0.676       0.258      -0.704
            0.496       0.127      -0.512
            0.438       0.062      -0.320
   551  16.367e-09  42.097e-10  40.115e-09  44.448e-10
        21.869e-08  10.505e-09  73.939e-08  75.909e-09
            5.573       0.426       0.128
            3.669       0.188       0.192
            1.073       0.074       0.704
   555  11.592e-09  53.293e-10  11.859e-09  55.764e-10
        83.777e-09  12.206e-09  52.441e-08  18.644e-08
            1.623       0.293       0.000
            1.306       0.141       0.192
            0.372       0.057       0.896
   559  76.018e-09  36.277e-09  22.902e-08  40.535e-09
        44.758e-08  11.620e-08  99.871e-07  24.488e-07
            0.475       0.234      -0.128
            0.404       0.113      -0.128
            0.227       0.054       0.128
   563  80.567e-08  27.167e-09  12.353e-07  28.785e-09
        30.330e-07  79.039e-09  15.831e-07  45.933e-08
            2.131       0.290       2.048
            1.886       0.143       1.280
            1.819       0.070       2.048
   568  63.392e-10  21.779e-10  86.291e-10  20.734e-10
        95.281e-09  81.475e-10  76.674e-08  13.584e-08
            2.647       0.406       0.000
            1.430       0.176       0.128
            0.375       0.078       0.832
   575  11.033e-09  32.848e-10  43.898e-09  54.633e-10
        20.245e-08  12.936e-09  16.743e-08  60.689e-09
            3.708       0.465       0.320
            2.750       0.215       0.448
            1.065       0.089       0.576
   577  45.556e-08  24.642e-09  56.499e-08  24.385e-09
        12.310e-07  55.249e-09  72.564e-08  37.796e-08
            0.931       0.245       3.136
            0.793       0.121       3.968
            0.692       0.059       3.968
   591  45.971e-08  23.007e-09  52.002e-08  24.807e-09
        12.207e-07  74.876e-09  96.535e-08  74.587e-08
            0.935       0.262       1.664
            0.838       0.127       1.344
            0.711       0.063       1.984
   593  38.630e-08  21.039e-09  30.695e-08  16.547e-09
        43.715e-08  44.960e-09  21.898e-08  23.845e-08
            0.953       0.251      -0.128
            0.880       0.125      -0.128
            0.586       0.059       0.448
   594  24.101e-08  17.144e-09  50.578e-08  16.320e-09
        19.638e-07  44.519e-09  22.161e-07  41.234e-08
            1.052       0.216      25.280
            0.872       0.104      25.408
            0.737       0.051      12.224
   603  36.717e-09  61.806e-10  10.627e-08  98.247e-10
        34.185e-08  26.187e-09  40.807e-08  16.485e-08
            7.500       0.566       0.000
            3.491       0.221       0.128
            1.723       0.097       0.960
   606  36.091e-08  18.349e-09  49.968e-08  18.800e-09
        13.476e-07  44.713e-09  92.233e-08  40.824e-08
            1.204       0.247       1.344
            1.052       0.121       1.344
            0.987       0.059       2.048
   612  66.031e-08  24.653e-09  97.429e-08  18.194e-09
        25.012e-07  43.928e-09  29.613e-07  50.763e-08
            2.907       0.304       8.000
            2.745       0.149       8.000
            2.480       0.072       8.256
   630  21.018e-08  21.263e-09  35.068e-08  23.899e-09
        62.958e-08  72.226e-09       0.000  34.578e-08
            0.581       0.312       0.064
            0.601       0.151      -0.384
            0.447       0.075       0.064
   640  10.365e-09  71.403e-10  61.822e-10  56.824e-10
        15.274e-09  14.930e-09  21.298e-08  17.770e-08
            1.073       0.242       0.000
            0.426       0.107       0.000
            0.115       0.049       0.192
   647  16.534e-07  24.392e-09  40.873e-07  35.369e-09
        10.965e-06  75.707e-09  41.372e-07  31.641e-08
            7.154       0.529       3.200
            7.070       0.261       3.328
            6.557       0.127       3.712
   658  37.951e-08  15.537e-09  56.758e-08  23.401e-09
        97.650e-08  53.729e-09  10.797e-07  54.020e-08
            1.209       0.304       0.256
            1.281       0.149       0.640
            1.084       0.073       1.216
   659  25.676e-07  31.221e-09  22.690e-07  25.388e-09
        22.171e-07  65.224e-09  55.090e-08  33.286e-08
            1.196       0.236       1.984
            1.029       0.116       2.176
            0.980       0.057       2.624
   660  36.088e-08  10.371e-09  61.663e-08  15.263e-09
        20.218e-07  35.691e-09  43.502e-07  33.361e-08
            4.746       0.393       3.584
            4.551       0.194       3.712
            3.231       0.085       4.160
   666  65.927e-09  10.677e-09  88.103e-09  76.490e-10
        19.672e-08  18.826e-09  78.907e-09  18.976e-08
            1.780       0.269       3.008
            1.663       0.131       3.136
            0.812       0.058       3.392
   673  12.895e-08  20.523e-09  38.222e-08  22.887e-09
        54.242e-08  44.739e-09  86.787e-10  48.664e-08
            0.410       0.216      19.392
            0.299       0.105       6.528
            0.275       0.051       5.888
   676  17.075e-07  28.096e-09  23.900e-07  31.478e-09
        12.682e-06  77.205e-09  25.087e-06  61.144e-08
            4.408       0.384      60.032
            4.199       0.188      60.096
            4.077       0.091      51.520
   677  39.611e-10  13.100e-10  11.390e-09  13.542e-10
        98.344e-09  49.536e-10  15.001e-07  14.576e-08
            6.210       0.440       0.064
            1.873       0.151       0.128
            0.487       0.060       0.960
   678  24.411e-07  25.991e-09  33.157e-07  27.649e-09
        17.347e-06  75.388e-09  22.764e-05  15.568e-07
            6.738       0.533       1.600
            6.176       0.255       1.664
            5.825       0.120       2.368
   680  20.266e-08  18.096e-09  24.638e-08  11.847e-09
        30.950e-08  22.909e-09  44.951e-09  11.801e-08
            0.876       0.213       1.280
            0.814       0.106       1.280
            0.793       0.052       1.984
   685  35.222e-08  31.927e-09  31.021e-08  25.267e-09
        12.106e-08  45.884e-09  42.096e-08  32.525e-08
            1.143       0.258       0.000
            0.956       0.126       0.000
            0.673       0.060       0.576
   686  21.518e-08  26.413e-09  17.556e-08  21.345e-09
        57.561e-08  66.360e-09  12.817e-07  56.466e-08
            1.110       0.285       0.256
            0.930       0.138       0.000
            0.818       0.068       0.640
   690  34.259e-09  15.408e-09  52.255e-09  18.655e-09
        94.795e-09  33.401e-09  36.663e-09  18.909e-08
            0.661       0.214       2.432
            0.410       0.103       2.496
            0.221       0.050       2.496
   692  71.579e-08  43.124e-09  12.891e-07  55.680e-09
        16.319e-07  12.080e-08  70.183e-08  74.721e-08
            1.531       0.277       0.896
            1.310       0.135       0.896
            1.195       0.066       1.216
   704  30.997e-08  20.926e-09  53.795e-08  26.590e-09
        19.194e-07  69.376e-09  17.792e-07  70.572e-08
            1.415       0.289       0.128
            1.369       0.143       0.256
            1.177       0.069       0.960
   711  19.762e-08  22.384e-09  88.680e-09  16.926e-09
             0.000  29.607e-09       0.000  45.168e-08
            1.201       0.298      -0.064
            1.048       0.147       0.128
            0.676       0.070       0.704
   717  87.034e-09  16.947e-09  22.051e-08  22.665e-09
        22.629e-08  49.211e-09  10.244e-09  38.057e-08
            0.530       0.236      -1.728
            0.380       0.116      -0.448
            0.286       0.056       0.256
   727  14.577e-08  19.225e-09  20.594e-08  14.299e-09
        51.253e-08  31.180e-09  52.330e-08  27.568e-08
            1.026       0.237       0.640
            0.874       0.116       0.640
            0.778       0.057       1.216
   729  29.990e-10  14.686e-10  36.999e-10  21.466e-10
        43.709e-09  56.884e-10  52.321e-08  98.589e-09
            1.616       0.328       0.000
            0.607       0.146       0.192
            0.174       0.065       0.512
   734  29.184e-10  11.964e-09  11.927e-09  15.382e-09
        13.240e-08  41.701e-09  73.552e-08  37.769e-08
            1.008       0.230       0.064
            0.894       0.116       0.192
            0.476       0.053       0.640
   741  95.357e-09  23.009e-09  68.739e-09  24.098e-09
        34.182e-08  60.689e-09  88.697e-08  75.795e-08
            0.391       0.224      -1.920
            0.326       0.108       2.176
            0.216       0.053      -0.064
   752  10.298e-08  13.050e-09  13.524e-08  15.599e-09
        29.301e-08  29.470e-09  19.343e-08  26.241e-08
            1.114       0.240       1.024
            0.826       0.117       1.216
            0.815       0.057       1.472
   753  15.387e-08  17.736e-09  19.311e-08  16.936e-09
        44.327e-08  51.794e-09       0.000  22.646e-08
            0.674       0.220      -0.896
            0.562       0.109      -0.704
            0.458       0.054      -0.192
   755  47.750e-09  95.251e-10  69.535e-09  11.450e-09
        18.988e-08  23.492e-09  42.704e-08  32.295e-08
            1.186       0.268       0.000
            0.931       0.125       0.128
            0.519       0.058       0.768
   761  21.954e-07  36.868e-09  41.183e-07  53.324e-09
        11.683e-06  12.254e-08  15.457e-06  10.155e-07
            3.588       0.377       2.944
            3.208       0.183       3.008
            2.821       0.088       3.584
   764  40.468e-08  32.980e-09  70.873e-08  26.635e-09
        12.186e-07  58.504e-09       0.000  32.500e-08
            1.107       0.251       1.408
            0.970       0.123       0.192
            0.940       0.061       0.896
   773  59.837e-08  17.319e-09  64.521e-08  17.485e-09
        13.298e-07  56.708e-09  30.630e-09  26.741e-08
            0.966       0.235       0.256
            0.899       0.117       0.320
            0.699       0.056      17.216
   788  17.202e-09  41.214e-10  26.698e-09  33.537e-10
        40.281e-09  72.842e-10  58.796e-09  48.138e-09
            2.331       0.289       0.064
            1.365       0.131       0.192
            0.381       0.057       0.896
   795  54.184e-08  18.549e-09  64.367e-08  24.264e-09
        12.623e-07  54.741e-09  11.760e-07  34.683e-08
            1.353       0.266       2.432
            1.115       0.129       2.432
            0.982       0.064       3.136
   799  11.022e-09  24.062e-10  15.064e-09  17.885e-10
        37.172e-09  39.724e-10       0.000  78.650e-09
            2.391       0.273       0.000
            0.993       0.112       0.192
            0.258       0.048       0.448
   803  12.867e-08  18.061e-09  27.363e-08  20.753e-09
        79.600e-08  49.419e-09  53.411e-08  32.665e-08
            1.327       0.275       1.152
            1.180       0.136       1.152
            1.059       0.066       1.856
   809  31.359e-09  34.508e-10  48.678e-09  31.092e-10
        17.601e-08  91.991e-10  27.345e-08  59.206e-09
            4.128       0.353       0.064
            3.137       0.157       0.256
            1.045       0.059       0.768
   815  69.655e-08  33.865e-09  64.012e-08  39.138e-09
        77.324e-08  92.333e-09  17.500e-08  58.674e-08
            0.836       0.269       3.264
            0.654       0.130       2.752
            0.564       0.065       3.520
   816  17.816e-07  55.415e-09  67.937e-08  50.132e-09
        64.290e-08  15.826e-08       0.000  10.334e-07
            0.434       0.246      13.952
            0.329       0.117      11.968
            0.284       0.058      12.096
   820  15.737e-08  29.828e-09  21.112e-08  27.921e-09
        17.333e-07  81.287e-09  26.145e-07  63.439e-08
            0.793       0.221      -1.920
            0.555       0.107       0.192
            0.455       0.053       0.640
   824  70.474e-08  29.803e-09  90.683e-08  27.070e-09
        96.577e-08  80.330e-09       0.000  38.356e-08
            0.712       0.243       1.408
            0.690       0.119       5.120
            0.572       0.059       5.312
   825  40.404e-08  28.802e-09  37.567e-08  23.764e-09
        96.466e-08  67.820e-09  17.372e-07  56.685e-08
            0.529       0.222      22.144
            0.411       0.109      -1.280
            0.321       0.054      -0.064
   829  13.045e-07  15.458e-09  35.076e-07  22.518e-09
        50.443e-07  41.550e-09  17.285e-08  12.930e-08
            6.931       0.397       3.712
            6.489       0.195       3.840
            6.153       0.096       3.968
   830  10.464e-09  23.029e-10  17.146e-09  18.681e-10
        12.907e-08  61.046e-10  49.699e-08  88.101e-09
            5.055       0.358       0.064
            2.217       0.139       0.192
            0.560       0.056       0.192
   834  20.732e-09  15.289e-09  32.218e-10  12.399e-09
        52.752e-09  28.096e-09       0.000  26.375e-08
            0.408       0.204      -0.896
            0.359       0.102      -0.768
            0.202       0.049      -0.064
   836  15.944e-10  26.437e-10  85.562e-10  35.287e-10
        29.020e-09  75.106e-10  46.737e-09  64.882e-09
            0.925       0.273       0.000
            0.574       0.127       0.192
            0.181       0.058       0.640
   840  62.531e-09  20.372e-09  15.791e-08  15.957e-09
        90.918e-08  37.107e-09  30.573e-07  37.119e-08
            1.612       0.265       0.128
            1.303       0.128       0.192
            0.934       0.061       0.960
   841  74.195e-08  15.196e-09  10.608e-07  20.485e-09
        18.087e-07  45.565e-09  23.398e-07  33.861e-08
            6.531       0.432      12.224
            6.078       0.210      12.416
            4.029       0.091      12.992
   845  26.358e-09  12.413e-09  31.637e-09  13.922e-09
        18.620e-08  28.414e-09  11.039e-07  55.485e-08
            0.881       0.258       0.576
            0.686       0.125       0.576
            0.548       0.059       1.088
   856  99.393e-10  26.332e-10  16.165e-09  34.160e-10
        20.607e-09  72.118e-10  27.367e-09  42.736e-09
            1.621       0.297       0.000
            0.767       0.129       0.064
            0.206       0.058       0.384
   867  89.898e-09  99.334e-10  12.715e-08  76.372e-10
        64.580e-08  19.012e-09  33.392e-07  23.640e-08
            2.357       0.299       0.320
            2.356       0.146       1.920
            1.713       0.068       0.960
   869  75.737e-08  26.854e-09  18.642e-07  43.098e-09
        55.431e-07  11.044e-08  10.594e-06  11.039e-07
            3.545       0.428     109.504
            3.517       0.207     109.632
            2.919       0.098     110.336
   871  68.553e-08  34.429e-09  69.164e-08  30.386e-09
        19.374e-07  10.648e-08  16.224e-07  98.790e-08
            1.457       0.256       1.280
            1.235       0.124       0.896
            1.131       0.060       1.536
   878  25.293e-10  41.402e-10  75.625e-10  35.753e-10
        95.374e-09  94.977e-10  38.885e-08  13.062e-08
            1.394       0.302       0.064
            1.095       0.145       0.192
            0.381       0.064       0.768
   906  14.178e-09  41.981e-10  29.693e-09  37.883e-10
        22.335e-08  12.984e-09  31.483e-08  68.593e-09
            2.796       0.367       0.256
            2.401       0.175       0.320
            1.028       0.077       0.832
   907  26.049e-07  43.087e-09  34.927e-07  40.015e-09
        82.448e-07  11.346e-08  19.172e-07  61.636e-08
            3.744       0.343       1.344
            3.569       0.169       1.536
            3.447       0.083       2.112
   909  48.720e-09  11.211e-09  15.794e-09  11.547e-09
        10.692e-08  32.873e-09  56.820e-09  18.668e-08
            0.486       0.242      -0.192
            0.405       0.119       0.000
            0.191       0.056       0.384
   914  33.225e-08  15.048e-09  35.257e-08  13.539e-09
        79.622e-08  41.118e-09  49.907e-08  22.878e-08
            2.638       0.327       0.576
            2.533       0.163       0.576
            2.280       0.080       1.152
   927  18.968e-08  18.360e-09  24.130e-08  20.217e-09
        15.584e-08  41.459e-09  43.749e-09  19.651e-08
            0.699       0.239       0.256
            0.592       0.118       0.384
            0.507       0.058       0.384
   929  25.935e-09  97.068e-10  17.617e-09  12.096e-09
             0.000  33.622e-09  17.107e-07  18.436e-07
            1.153       0.223       0.000
            0.530       0.098       0.128
            0.142       0.044       0.448
   936  49.321e-09  73.518e-10  67.313e-09  68.361e-10
        29.985e-08  23.411e-09  10.529e-07  25.387e-08
            5.854       0.438       1.280
            3.809       0.179       1.408
            1.090       0.062       1.472
   938  48.055e-08  21.749e-09  63.679e-08  19.764e-09
        97.069e-08  48.695e-09       0.000  46.056e-08
            1.127       0.230      19.584
            1.052       0.112      19.584
            0.943       0.055      20.224
   942  25.918e-09  89.198e-10  21.429e-09  86.975e-10
        25.028e-08  29.582e-09  54.228e-08  23.369e-08
            0.637       0.211       0.000
            0.288       0.100       0.448
            0.288       0.049       0.960
   946  11.992e-08  22.601e-09  11.006e-08  19.177e-09
        66.929e-08  57.111e-09  75.042e-08  59.251e-08
            0.877       0.242      -1.600
            0.607       0.117      -1.408
            0.308       0.055      -0.640
   973  30.828e-07  23.936e-09  33.960e-07  28.366e-09
        13.226e-06  10.117e-08  24.951e-06  78.892e-08
            5.707       0.405       2.240
            5.288       0.198       3.008
            5.173       0.098       3.200
   974  20.571e-09  11.856e-09  44.395e-09  12.384e-09
        11.999e-08  33.106e-09  92.301e-08  47.648e-08
            0.551       0.239      -0.896
            0.337       0.120      -0.320
            0.266       0.059       0.064
   981  65.427e-09  18.605e-09  11.122e-08  14.418e-09
        13.672e-08  31.142e-09       0.000  21.603e-08
            0.708       0.229      -0.384
            0.463       0.112      -0.384
            0.322       0.055       0.000
   999  48.808e-08  18.188e-09  71.297e-08  18.981e-09
        26.165e-07  43.362e-09  74.995e-07  39.662e-08
           12.429       0.652       3.968
           11.549       0.314       4.096
            7.400       0.129       4.672
  1008  91.990e-08  10.910e-09  23.461e-07  17.989e-09
        73.747e-07  46.685e-09  66.121e-07  25.321e-08
            4.985       0.364       4.544
            4.816       0.180       4.288
            4.638       0.089       5.056
  1009  13.514e-07  47.318e-09  16.645e-07  48.726e-09
        31.892e-07  11.398e-08  43.552e-07  99.742e-08
            0.805       0.229      93.312
            0.695       0.113      94.592
            0.602       0.055      95.040
  1025  84.582e-08  20.594e-09  14.241e-07  23.488e-09
        29.873e-07  49.722e-09  20.757e-07  27.466e-08
           17.599       0.736       2.112
           16.273       0.357       2.176
           11.153       0.152       2.496
  1036  97.194e-08  50.034e-09  12.863e-07  49.765e-09
        32.165e-07  97.668e-09       0.000  45.136e-08
            1.038       0.254      31.808
            0.936       0.125      31.872
            0.656       0.059      32.448
  1039  66.509e-08  19.228e-09  68.497e-08  17.251e-09
        10.969e-07  42.803e-09       0.000  33.196e-08
            1.621       0.241       3.904
            1.383       0.117       4.096
            1.292       0.058       4.864
  1042  58.903e-08  24.028e-09  72.869e-08  33.484e-09
        72.291e-08  75.863e-09       0.000  45.445e-08
            1.481       0.266       0.000
            1.244       0.129       0.192
            1.001       0.062       0.640
  1046  15.368e-07  73.801e-09  15.240e-07  54.778e-09
        23.126e-07  10.728e-08  20.377e-07  86.505e-08
            1.102       0.260       0.384
            0.943       0.126       0.384
            0.813       0.062       0.960
  1051  66.279e-10  12.422e-10  93.993e-10  17.686e-10
        22.061e-09  40.571e-10  37.750e-09  76.575e-09
            1.461       0.264       0.000
            0.586       0.114       0.128
            0.205       0.052       0.128
  1071  84.277e-08  44.290e-09  11.036e-07  41.635e-09
        22.782e-07  11.739e-08  20.497e-07  72.265e-08
            2.248       0.314       0.576
            1.673       0.154       1.472
            1.541       0.075       1.536
  1073  14.245e-09  26.031e-10  33.047e-09  37.421e-10
        10.893e-08  88.992e-10  13.323e-08  61.486e-09
            2.706       0.333       0.000
            2.115       0.155       0.192
            0.667       0.063       0.704
  1076  99.122e-10  17.112e-10  20.610e-09  19.768e-10
        15.769e-08  77.817e-10  92.861e-08  13.799e-08
            6.185       0.435       0.064
            2.707       0.165       0.192
            0.693       0.063       0.576
  1085  53.917e-07  24.911e-09  12.640e-06  37.535e-09
        27.852e-06  82.227e-09  13.062e-06  30.529e-08
           30.623       0.801       6.080
           30.354       0.398       6.208
           29.585       0.197       6.336
  1086  20.965e-08  24.578e-09  18.878e-08  33.530e-09
        40.625e-08  75.933e-09       0.000  66.512e-08
            0.591       0.243      -0.128
            0.323       0.116       0.000
            0.229       0.057       0.256
  1087  17.844e-08  54.973e-09  23.146e-08  43.811e-09
        45.152e-08  13.057e-08  53.509e-08  64.972e-08
            0.971       0.342      -0.128
            0.849       0.167       0.000
            0.514       0.080       0.448
  1088  19.668e-09  31.354e-10  36.021e-09  26.773e-10
        33.484e-08  82.869e-10  26.574e-07  15.658e-08
           11.922       0.555       0.000
            5.359       0.200       0.192
            1.368       0.072       0.704
  1096  47.787e-10  28.954e-10  14.931e-09  33.424e-10
        32.435e-09  60.107e-10       0.000  40.160e-09
            1.558       0.259       0.064
            0.895       0.117       0.128
            0.255       0.052       0.896
  1097  52.164e-10  33.252e-10  16.448e-09  30.222e-10
        46.415e-09  83.885e-10  92.896e-09  44.970e-09
            2.597       0.307       0.000
            1.033       0.123       0.128
            0.300       0.054       0.640
  1102  87.560e-10  17.591e-10  20.563e-09  18.209e-10
        72.377e-09  56.947e-10  20.393e-08  83.916e-09
            3.026       0.315       0.000
            1.632       0.133       0.128
            0.472       0.054       0.896
  1110  48.257e-09  13.131e-09  25.664e-08  17.320e-09
        79.485e-08  45.728e-09       0.000  18.171e-08
            0.713       0.220       1.600
            0.507       0.105       3.968
            0.461       0.052       3.904
  1112  14.849e-09  44.968e-10  31.691e-09  34.405e-10
        14.168e-08  81.910e-10  13.467e-07  10.205e-08
            1.537       0.291       0.128
            1.437       0.138       0.192
            0.707       0.059       0.832
  1114  30.775e-08  76.910e-10  43.681e-08  99.508e-10
        62.914e-08  16.941e-09  71.338e-09  11.853e-08
            2.783       0.313       0.640
            2.535       0.152       2.240
            1.878       0.070       2.816
  1118  35.476e-08  26.668e-09  41.939e-08  24.576e-09
        15.814e-07  77.614e-09  14.654e-07  43.147e-08
            0.696       0.233      -1.792
            0.780       0.112      13.184
            0.567       0.054      13.184
  1120  39.826e-09  16.158e-09  10.816e-08  23.428e-09
        20.391e-08  53.157e-09  48.247e-09  39.630e-08
            0.440       0.240      -0.896
            0.297       0.117      -0.448
            0.254       0.058       0.064
  1121  42.305e-07  34.142e-09  60.669e-07  43.856e-09
        16.675e-06  10.711e-08  35.797e-06  93.870e-08
           11.782       0.618      21.632
           11.059       0.306      21.632
           10.542       0.149      22.080
  1122  26.293e-07  27.476e-09  34.139e-07  23.501e-09
        10.883e-06  64.875e-09  81.309e-07  32.286e-08
           13.787       0.551      10.688
           11.602       0.255      10.752
            8.196       0.110      10.048
  1123  11.407e-08  12.138e-09  14.116e-08  13.942e-09
        58.053e-08  57.343e-09  38.276e-08  51.690e-08
            0.580       0.235       0.192
            0.480       0.115       0.256
            0.414       0.056       0.640
  1125  10.788e-08  25.222e-09  25.097e-08  22.968e-09
        36.249e-08  47.727e-09       0.000  35.297e-08
            0.655       0.224       1.984
            0.472       0.107       2.112
            0.329       0.052       1.088
  1126  15.189e-08  15.479e-09  22.679e-08  16.708e-09
        88.983e-08  63.953e-09  95.273e-08  49.984e-08
            1.080       0.268       0.064
            0.801       0.131       1.536
            0.703       0.065       1.536
  1128  18.681e-10  25.639e-10  59.393e-10  25.980e-10
        18.798e-09  67.569e-10       0.000  27.199e-09
            0.874       0.221       0.000
            0.344       0.097       0.128
            0.118       0.046       0.512
  1129  78.274e-10  24.459e-10  16.583e-09  32.218e-10
        54.857e-09  74.654e-10  64.974e-09  52.385e-09
            0.813       0.237      -0.192
            0.598       0.116       0.000
            0.347       0.055       0.640
  1141  30.798e-07  22.838e-09  42.653e-07  28.143e-09
        10.491e-06  56.710e-09  39.671e-06  67.919e-08
            9.262       0.532       8.768
            9.006       0.261       8.960
            8.605       0.128       9.088
  1142  36.394e-10  43.649e-10  63.648e-10  45.985e-10
        35.392e-09  16.227e-09       0.000  87.945e-09
            1.229       0.252       0.000
            0.556       0.111       0.064
            0.188       0.051       0.512
  1145  13.940e-08  87.789e-10  14.455e-08  96.584e-10
        19.288e-08  23.756e-09  58.881e-09  16.056e-08
            2.067       0.304       0.576
            1.762       0.148       0.640
            1.185       0.068       0.896
  1148  36.223e-08  36.194e-09  78.446e-08  39.433e-09
        42.091e-07  93.986e-09  58.903e-07  55.714e-08
            1.633       0.324      10.048
            1.466       0.159      10.176
            1.001       0.076      10.880
  1150  18.059e-07  56.493e-09  16.432e-07  40.689e-09
        29.442e-07  93.415e-09  33.152e-08  64.290e-08
            1.897       0.358      46.528
            1.708       0.177      46.720
            1.552       0.087      47.296
  1152  21.097e-08  27.359e-09  23.726e-08  23.885e-09
        64.358e-08  69.357e-09  22.200e-07  72.910e-08
            0.540       0.284       1.472
            0.285       0.138       5.760
            0.272       0.068      -0.576
  1153  10.349e-08  18.295e-09  11.463e-08  16.409e-09
        16.737e-08  39.948e-09       0.000  57.207e-08
            0.515       0.207      -0.064
            0.339       0.102      -0.064
            0.253       0.050       0.640
  1154  24.175e-10  11.888e-10  12.153e-09  17.757e-10
        97.650e-09  65.147e-10  10.894e-07  14.915e-08
            1.939       0.302       0.128
            1.633       0.142       0.192
            0.404       0.057       0.512
  1156  18.104e-07  48.968e-09  27.678e-07  72.212e-09
        87.226e-07  21.602e-08  23.730e-06  25.152e-07
            0.818       0.243      50.752
            0.619       0.121      50.816
            0.583       0.059      50.944
  1157  16.509e-07  23.226e-09  19.944e-07  19.464e-09
        68.768e-07  58.786e-09  11.393e-06  44.916e-08
           12.187       0.550      13.184
           10.040       0.259      12.544
            8.807       0.123      12.736
  1159  12.814e-08  97.193e-10  24.416e-08  92.817e-10
        10.316e-07  29.130e-09  10.614e-07  16.759e-08
            3.727       0.369       0.576
            3.496       0.181       0.704
            2.907       0.086       1.344
  1167  75.079e-09  11.383e-09  96.625e-09  12.405e-09
        22.754e-08  33.916e-09       0.000  23.744e-08
            0.609       0.209      -0.640
            0.407       0.101       1.984
            0.287       0.050       0.320
  1190  36.638e-08  13.424e-09  36.528e-08  11.138e-09
        76.439e-08  32.258e-09  60.657e-08  19.641e-08
            4.008       0.369       0.960
            3.390       0.176       1.088
            2.545       0.080       1.088
  1192  25.195e-08  28.236e-09  32.337e-08  24.427e-09
        60.805e-08  70.252e-09  10.223e-08  38.544e-08
            0.782       0.231      38.144
            0.610       0.113      38.208
            0.449       0.055      36.096
  1196  10.954e-08  19.333e-09  24.734e-08  19.543e-09
        10.187e-07  60.680e-09  71.273e-08  34.403e-08
            0.731       0.214      -0.448
            0.554       0.104      -0.448
            0.395       0.052       1.600
  1197  77.888e-08  23.480e-09  98.618e-08  24.425e-09
        14.680e-07  59.456e-09  49.286e-09  33.177e-08
            1.449       0.258      11.008
            1.186       0.126      11.200
            0.958       0.061      11.584
  1200  81.351e-08  22.849e-09  10.067e-07  23.172e-09
        15.811e-07  46.478e-09  37.691e-08  25.947e-08
            1.375       0.239       5.696
            1.169       0.117       5.888
            1.065       0.057       5.888
  1204  49.451e-09  94.045e-10  10.667e-08  10.522e-09
        24.524e-08  21.963e-09  88.720e-09  10.296e-08
            5.125       0.403       0.192
            3.304       0.176       0.320
            1.213       0.069       1.088
  1211  79.075e-10  32.531e-10  33.551e-09  39.764e-10
        11.023e-08  81.043e-10  56.211e-09  38.685e-09
            2.084       0.304       0.000
            1.685       0.143       0.192
            0.680       0.062       0.832
  1212  29.328e-07  69.967e-09  26.332e-07  78.995e-09
        12.936e-07  12.543e-08  15.178e-07  17.198e-07
            1.121       0.291       8.000
            0.880       0.140       8.128
            0.689       0.068      20.736
  1213  51.741e-09  15.966e-09  10.978e-08  15.949e-09
        57.666e-08  41.702e-09  29.292e-08  29.129e-08
            0.708       0.232      -0.960
            0.428       0.110       8.832
            0.258       0.054       7.104
  1218  17.631e-08  12.176e-09  41.609e-08  12.264e-09
        78.546e-08  33.536e-09  40.884e-08  16.027e-08
            1.476       0.248       4.992
            1.245       0.120       5.056
            1.069       0.059       5.120
  1221  21.425e-08  12.515e-09  17.000e-08  11.345e-09
        17.038e-08  24.674e-09  98.566e-09  19.418e-08
            0.969       0.276       0.000
            1.003       0.134       0.640
            0.848       0.066       0.896
  1223  42.294e-09  76.938e-10  23.097e-09  86.109e-10
        36.174e-09  16.342e-09  77.532e-09  17.903e-08
            1.167       0.236       0.000
            0.796       0.112       0.128
            0.410       0.052       0.704
  1235  18.242e-07  44.488e-09  21.199e-07  47.059e-09
        53.221e-07  10.519e-08  93.166e-08  58.794e-08
            2.639       0.313      11.648
            2.534       0.153      11.712
            2.408       0.074       8.320
  1244  11.405e-07  29.948e-09  72.667e-08  26.366e-09
        96.071e-08  85.137e-09  29.593e-08  44.803e-08
            0.950       0.233      26.880
            0.857       0.115      26.368
            0.787       0.057      26.880
  1279  32.859e-08  15.725e-09  42.626e-08  17.883e-09
        80.718e-08  43.640e-09  27.354e-08  34.957e-08
            1.406       0.313       9.984
            1.204       0.154       9.984
            0.921       0.075      10.240
  1288  20.780e-07  42.525e-09  55.446e-07  55.655e-09
        23.250e-06  15.285e-08  53.932e-07  11.733e-07
            6.814       0.458      62.592
            6.553       0.224      62.720
            5.325       0.102      63.232
  1289  23.567e-09  31.699e-10  34.574e-09  35.680e-10
        11.134e-08  86.340e-10  15.483e-08  77.969e-09
            2.360       0.317       0.064
            1.437       0.141       0.192
            0.713       0.062       0.832
  1291  13.154e-08  14.260e-09  28.468e-08  13.887e-09
        15.422e-07  41.220e-09  26.686e-07  29.053e-08
            2.283       0.290       0.064
            1.905       0.138       0.192
            1.384       0.064       3.712
  1297       0.000  73.378e-10  25.753e-09  11.022e-09
        23.113e-08  26.555e-09  70.597e-08  24.060e-08
            1.063       0.264       0.256
            0.904       0.129       0.384
            0.396       0.057       5.184
  1298  21.941e-09  91.842e-10  32.747e-09  89.391e-10
        54.184e-09  18.737e-09       0.000  16.587e-08
            0.462       0.215      -0.960
            0.322       0.106      -0.960
            0.223       0.052      -0.192
  1301  17.017e-08  21.334e-09  18.579e-08  24.092e-09
        41.853e-08  64.459e-09       0.000  37.194e-08
            0.349       0.222       1.024
            0.360       0.108       0.128
            0.271       0.053       0.128
  1303  21.192e-08  14.443e-09  24.633e-08  16.650e-09
        11.846e-07  34.984e-09  12.733e-06  78.218e-08
            1.130       0.257       3.200
            0.829       0.123       3.200
            0.604       0.057       5.696
  1306  14.293e-08  12.813e-09  12.444e-08  13.041e-09
        18.113e-08  23.347e-09  32.798e-08  21.564e-08
            0.679       0.237      -0.640
            0.542       0.117      -0.640
            0.435       0.058      -0.064
  1307  64.145e-09  20.684e-09  15.101e-08  20.013e-09
        47.292e-08  79.056e-09  27.947e-07  87.527e-08
            0.865       0.320      -1.152
            0.710       0.131       0.128
            0.484       0.063       0.448
  1308  35.419e-10  12.981e-10  19.467e-09  21.302e-10
        71.334e-09  53.092e-10       0.000  73.401e-09
            3.266       0.338       0.064
            1.601       0.139       0.128
            0.427       0.058       0.832
  1310  18.307e-08  19.707e-09  20.555e-08  23.005e-09
        15.149e-08  47.715e-09  36.906e-08  41.273e-08
            0.869       0.265      -0.128
            0.667       0.129       3.904
            0.381       0.062       4.160
  1311  41.410e-08  28.787e-09  54.932e-08  30.229e-09
        57.711e-08  73.918e-09       0.000  68.766e-08
            0.479       0.243       9.216
            0.547       0.117       9.408
            0.469       0.057       9.792
  1318  12.419e-08  26.086e-09  32.616e-08  41.180e-09
        70.175e-08  10.074e-08       0.000  72.203e-08
            0.976       0.373      24.960
            0.847       0.182      13.632
            0.545       0.089      25.664
  1319  19.242e-08  10.168e-09  16.517e-08  11.435e-09
        14.322e-08  20.521e-09       0.000  21.171e-08
            0.785       0.253      -0.384
            0.733       0.125      -0.192
            0.606       0.061       0.064
  1321  18.994e-07  26.277e-09  29.714e-07  31.036e-09
        44.183e-07  72.446e-09  40.049e-07  48.943e-08
            2.727       0.333      16.832
            2.560       0.165      17.024
            2.329       0.081      17.536
  1328  15.422e-07  61.938e-09  15.038e-07  53.977e-09
        19.462e-07  14.332e-08       0.000  86.831e-08
            1.284       0.263       0.384
            1.177       0.129       0.000
            0.983       0.063       0.512
  1346  29.713e-09  70.681e-10  96.953e-09  10.394e-09
        28.788e-08  24.416e-09  45.024e-08  14.388e-08
            2.006       0.346       0.000
            1.422       0.161       0.192
            0.850       0.076       0.960
  1359  84.114e-10  30.201e-10  11.281e-09  33.142e-10
        68.400e-09  89.757e-10  56.816e-08  95.999e-09
            2.005       0.324       0.128
            1.246       0.148       0.192
            0.309       0.060       0.512
  1365  24.124e-08  35.558e-09  91.155e-08  50.033e-09
        22.238e-07  11.726e-08       0.000  92.394e-08
            1.467       0.262     185.344
            1.169       0.128     185.536
            0.818       0.060     187.456
  1379  10.553e-08  46.720e-10  67.913e-09  53.089e-10
        17.109e-09  99.288e-10  10.857e-08  34.555e-08
            0.592       0.226      -0.192
            0.463       0.111       0.000
            0.308       0.054       0.512
  1382  84.030e-09  10.106e-09  12.212e-08  12.998e-09
        27.640e-08  29.208e-09  31.009e-08  19.666e-08
            0.552       0.237      -1.152
            0.510       0.115       0.000
            0.428       0.057       0.000
  1384  24.439e-09  20.621e-09  20.175e-09  24.462e-09
        13.126e-08  56.304e-09  30.993e-08  44.363e-08
            1.590       0.349       0.512
            1.317       0.171       0.704
            0.880       0.081       0.768
  1385  24.058e-07  47.313e-09  43.351e-07  43.357e-09
        18.906e-06  11.556e-08  68.733e-06  14.507e-07
            3.852       0.346      13.248
            3.617       0.171      13.312
            3.336       0.083      13.952
  1388  10.687e-08  71.515e-10  23.252e-08  10.297e-09
        30.215e-08  20.612e-09  16.257e-08  15.171e-08
            1.604       0.303       0.064
            1.414       0.149       1.216
            1.296       0.073       1.536
  1390  59.693e-09  13.030e-09  18.377e-08  17.511e-09
        34.486e-08  42.721e-09  32.429e-07  65.343e-08
            0.360       0.231      -0.960
            0.344       0.110       4.864
            0.229       0.055      -0.640
  1396  30.881e-08  16.163e-09  48.122e-08  16.066e-09
        10.195e-07  53.231e-09  79.767e-08  44.663e-08
            1.786       0.298       0.768
            1.682       0.146       0.896
            0.948       0.066       1.472
  1404  64.893e-10  41.658e-10  16.486e-09  62.473e-10
        89.585e-09  13.605e-09  46.539e-09  72.788e-09
            0.716       0.258      -0.448
            0.563       0.125       0.000
            0.393       0.061       0.384
  1406  10.039e-07  17.087e-09  11.918e-07  18.644e-09
        19.958e-07  32.292e-09  60.216e-07  42.162e-08
            2.102       0.272       3.072
            1.968       0.133       3.264
            1.753       0.066       3.456
  1413  49.505e-08  22.382e-09  71.336e-08  29.561e-09
        12.393e-07  60.379e-09       0.000  55.520e-08
            1.374       0.245       0.064
            1.204       0.119       0.192
            0.775       0.055       0.512
  1416  99.680e-09  62.690e-10  11.721e-08  54.608e-10
        17.024e-08  11.958e-09  33.796e-09  98.254e-09
            2.142       0.262       1.600
            1.503       0.119       0.384
            0.888       0.053       0.768
  1419  28.122e-07  34.662e-09  37.068e-07  34.510e-09
        91.337e-07  10.316e-08  61.300e-07  73.276e-08
            4.648       0.369     118.528
            4.505       0.182     118.656
            4.393       0.090     119.168
  1422  14.423e-07  28.444e-09  18.375e-07  36.495e-09
        20.217e-07  88.787e-09  48.440e-07  80.292e-08
            2.240       0.340       8.960
            2.104       0.167       8.960
            1.824       0.082       9.088
  1425  21.191e-07  23.524e-09  19.737e-07  24.415e-09
        32.047e-07  40.583e-09  38.623e-07  38.548e-08
            9.520       0.547       5.888
            9.225       0.272       6.016
            7.030       0.123       6.528
  1430  10.724e-08  76.635e-10  64.856e-09  63.439e-10
        79.055e-09  17.223e-09  80.096e-09  11.326e-08
            0.766       0.283      -0.064
            0.720       0.140      -0.064
            0.576       0.069       0.448
  1432  93.028e-08  33.864e-09  70.622e-08  25.522e-09
        10.491e-07  72.727e-09       0.000  45.990e-08
            0.582       0.223       3.392
            0.503       0.109       1.216
            0.428       0.054       1.856
  1435       0.000  40.474e-10  91.711e-10  48.686e-10
        72.214e-09  98.623e-10  12.446e-08  91.751e-09
            0.342       0.214      -0.512
            0.364       0.105      -0.448
            0.277       0.051      -0.320
  1439  11.714e-08  15.210e-09  11.241e-08  13.685e-09
        11.453e-08  40.526e-09  71.739e-08  61.021e-08
            0.559       0.296      -0.896
            0.534       0.144      -0.448
            0.405       0.071      -0.064
  1440  89.331e-08  16.063e-09  14.503e-07  17.198e-09
        60.533e-07  67.476e-09  64.206e-07  37.810e-08
           12.458       0.573      15.936
           11.496       0.271      16.384
           10.010       0.128      16.640
  1443  12.953e-08  59.645e-10  28.465e-08  71.491e-10
        79.100e-08  20.477e-09  58.810e-08  12.211e-08
            4.713       0.368       0.256
            4.492       0.182       0.320
            3.385       0.083       1.024
  1446  29.672e-08  24.732e-09  44.389e-08  23.149e-09
        14.987e-07  77.624e-09  48.721e-08  35.047e-08
            0.615       0.224       6.080
            0.483       0.111       6.272
            0.459       0.054       2.304
  1447  44.696e-08  18.727e-09  94.803e-08  24.585e-09
        32.063e-07  52.814e-09  40.400e-07  47.265e-08
            1.754       0.318       2.112
            1.743       0.158       2.240
            1.784       0.079       2.688
  1449  53.028e-08  30.358e-09  69.512e-08  21.273e-09
        14.033e-07  50.058e-09  21.347e-07  56.451e-08
            1.540       0.268       3.008
            1.468       0.131       3.008
            1.207       0.063       3.136
  1452  92.702e-09  17.634e-09  25.269e-08  19.880e-09
        65.177e-08  46.435e-09  22.381e-08  24.585e-08
            0.830       0.301      -0.448
            0.782       0.146      -0.320
            0.668       0.072       0.384
  1453  28.979e-09  23.300e-10  60.954e-09  26.477e-10
        40.690e-08  99.032e-10  68.756e-08  11.089e-08
           11.890       0.508       0.064
            7.306       0.211       0.128
            1.803       0.073       0.512
  1456  52.519e-08  31.836e-09  43.554e-08  32.741e-09
        96.170e-08  78.658e-09  87.097e-08  10.005e-07
            0.783       0.253       0.000
            0.533       0.124       1.152
            0.415       0.061       0.000
  1458  44.265e-08  37.801e-09  58.177e-08  28.257e-09
        68.263e-08  69.632e-09  33.942e-08  37.738e-08
            0.800       0.219       1.792
            0.575       0.108       0.320
            0.487       0.053       0.640
  1459  78.519e-08  25.192e-09  92.962e-08  26.444e-09
        12.261e-07  54.383e-09       0.000  30.739e-08
            0.630       0.229       2.368
            0.523       0.111      30.208
            0.417       0.055       3.008
  1461  30.045e-10  44.744e-10  49.292e-10  44.499e-10
        31.429e-09  75.804e-10  33.907e-08  10.209e-08
            1.670       0.361       0.000
            0.626       0.154       0.000
            0.132       0.070       0.512
  1462  10.170e-08  11.678e-09  20.547e-08  11.332e-09
        56.207e-08  37.615e-09  27.119e-07  24.218e-08
            1.382       0.292      11.968
            1.361       0.141      12.096
            0.576       0.060      12.416
  1463  38.078e-09  20.867e-10  37.595e-09  24.253e-10
        48.940e-09  42.597e-10       0.000  64.741e-09
            4.753       0.358       0.000
            1.962       0.141       0.128
            0.496       0.057       0.512
  1465  51.814e-09  13.252e-09  85.778e-09  12.200e-09
        29.903e-08  35.487e-09  59.218e-08  26.230e-08
            0.534       0.235      -0.640
            0.334       0.111       0.000
            0.268       0.055       0.320
  1466  61.997e-08  44.606e-09  64.701e-08  41.617e-09
        30.372e-07  11.193e-08  81.922e-07  11.718e-07
            1.489       0.257       1.088
            1.324       0.127       3.776
            1.191       0.061       4.288
  1467  84.093e-08  16.134e-09  97.816e-08  15.038e-09
        28.801e-07  40.311e-09  52.228e-07  50.256e-08
            2.592       0.270       4.544
            2.261       0.130       4.352
            2.153       0.064       5.056
  1468  30.367e-08  12.964e-09  49.240e-08  14.548e-09
        36.708e-07  45.172e-09  28.513e-06  83.889e-08
            3.902       0.319      10.624
            3.340       0.150      10.688
            2.886       0.072      11.328
  1469  20.772e-08  14.855e-09  33.376e-08  16.537e-09
        86.293e-08  40.548e-09  30.510e-09  28.475e-08
            0.989       0.227      16.192
            0.824       0.110      17.344
            0.767       0.055      16.640
  1472  46.370e-08  13.169e-09  77.537e-08  15.409e-09
        18.402e-07  38.219e-09  20.049e-07  42.974e-08
            1.776       0.248       1.280
            1.461       0.119       1.280
            1.336       0.058       2.048
  1473  33.044e-07  19.700e-09  10.378e-06  39.852e-09
        42.152e-06  11.435e-08  86.820e-06  10.433e-07
           25.314       0.700      13.056
           24.800       0.347      13.120
           22.615       0.166      13.568
  1479  19.935e-09  96.592e-10  48.310e-10  10.365e-09
        10.040e-08  27.813e-09  15.380e-08  33.514e-08
            0.545       0.196      -0.256
            0.523       0.096      -0.064
            0.238       0.045       0.192
  1480  42.351e-08  21.790e-09  91.331e-08  24.404e-09
        46.284e-07  65.279e-09  17.653e-06  85.348e-08
            2.267       0.294      14.016
            2.037       0.144      11.712
            1.603       0.068      12.096
  1481  61.755e-09  12.571e-09  38.342e-09  10.721e-09
        84.193e-09  27.028e-09       0.000  53.636e-08
            1.066       0.262      -0.128
            0.838       0.128       0.000
            0.509       0.061       0.384
  1482  56.019e-09  10.313e-09  81.006e-09  10.938e-09
        17.954e-08  26.082e-09       0.000  14.978e-08
            8.984       0.437       0.000
            3.239       0.155       0.064
            0.826       0.060       0.064
  1484  12.408e-07  21.277e-09  12.777e-07  19.496e-09
        35.434e-07  49.157e-09  26.879e-07  44.060e-08
           15.060       0.564       1.088
           12.157       0.258       1.280
            7.987       0.108       1.600
  1485  25.202e-08  23.629e-09  28.343e-08  25.490e-09
        50.284e-08  58.697e-09       0.000  41.513e-08
            0.597       0.204      -0.192
            0.334       0.096      -0.512
            0.253       0.047       0.256
  1489  77.396e-09  22.121e-09  23.625e-08  23.821e-09
        67.394e-08  58.909e-09  39.953e-08  48.962e-08
            0.690       0.274       0.704
            0.506       0.135      -0.640
            0.421       0.067       0.384
  1492  22.235e-08  13.745e-09  13.512e-08  12.815e-09
        88.315e-09  28.955e-09  56.947e-08  63.800e-08
            0.678       0.238       0.448
            0.531       0.116       0.640
            0.463       0.057       0.640
  1503  41.136e-07  30.536e-09  71.810e-07  43.262e-09
        12.390e-06  94.989e-09       0.000  44.236e-08
            5.294       0.350       0.320
            5.018       0.172       0.320
            3.749       0.077      12.544
  1515  40.132e-08  14.172e-09  38.231e-08  16.183e-09
        17.237e-07  43.776e-09  31.437e-07  59.426e-08
            0.973       0.230       3.648
            0.833       0.113       3.712
            0.751       0.056       3.904
  1518  61.336e-09  85.580e-10  57.007e-09  97.416e-10
        46.390e-08  28.308e-09  73.942e-08  38.060e-08
            3.618       0.344       0.064
            3.178       0.164       0.192
            1.299       0.065       0.960
  1533  11.531e-07  24.810e-09  25.834e-07  30.571e-09
        71.555e-07  73.082e-09  35.167e-08  48.985e-08
            4.859       0.345      33.600
            3.998       0.160      33.792
            2.970       0.072      47.680
  1540  29.701e-08  16.435e-09  54.623e-08  18.873e-09
        12.675e-07  46.703e-09       0.000  31.484e-08
            1.041       0.222      29.120
            0.884       0.109      29.120
            0.659       0.052      29.888
  1541  52.637e-07  24.246e-09  10.673e-06  35.702e-09
        42.438e-06  10.498e-08  80.073e-06  90.959e-08
           38.315       0.890      75.008
           35.584       0.432      75.136
           31.737       0.205      75.136
  1546  19.212e-09  10.800e-09  21.677e-09  96.533e-10
        24.596e-08  25.075e-09  25.174e-07  47.287e-08
            2.683       0.300       0.384
            1.990       0.140       0.384
            0.857       0.061       0.768
  1551  63.241e-09  17.888e-09  14.195e-08  16.763e-09
        11.184e-07  43.547e-09  38.217e-07  59.457e-08
            0.666       0.224       1.664
            0.582       0.109       0.448
            0.501       0.054       1.216
  1552  27.978e-08  17.432e-09  32.528e-08  15.064e-09
        44.818e-08  38.486e-09  46.228e-08  50.326e-08
            0.433       0.185       2.944
            0.361       0.091       3.520
            0.272       0.044       3.840
  1553  14.362e-08  44.026e-10  22.410e-08  50.545e-10
        15.113e-07  16.435e-09  90.410e-07  19.467e-08
           13.703       0.524       0.704
           10.759       0.235       0.832
            7.009       0.098       1.024
  1558  14.425e-08  12.411e-09  17.048e-08  14.427e-09
        44.960e-08  37.789e-09  60.863e-08  51.519e-08
            0.527       0.205       2.240
            0.388       0.099       2.240
            0.317       0.049      -0.256
  1559  25.683e-08  16.628e-09  64.793e-08  18.864e-09
        24.411e-07  47.273e-09  21.546e-07  44.835e-08
            1.082       0.237       4.672
            0.961       0.117       1.984
            0.852       0.057       2.688
  1561  39.445e-08  18.107e-09  37.783e-08  16.019e-09
        94.105e-08  47.007e-09       0.000  49.995e-08
            0.891       0.230       1.728
            0.809       0.113       2.368
            0.714       0.056       2.432
  1566  17.964e-10  14.269e-10  52.493e-10  15.623e-10
        26.492e-09  45.370e-10  25.347e-08  11.723e-08
            1.726       0.260       0.000
            0.503       0.108       0.128
            0.139       0.050       0.768
  1567  22.565e-08  12.442e-09  31.365e-08  14.283e-09
        59.416e-08  35.999e-09  11.562e-07  52.672e-08
            0.702       0.206       5.120
            0.536       0.098       5.888
            0.497       0.049       5.824
  1571  18.610e-07  75.354e-09  32.648e-07  93.490e-09
        84.089e-07  23.706e-08  15.514e-06  31.093e-07
            2.487       0.274      99.840
            2.258       0.134      99.904
            1.823       0.063     100.480
  1574  62.272e-08  32.739e-09  74.263e-08  28.869e-09
        15.801e-07  76.776e-09  55.680e-07  12.158e-07
            0.790       0.227      18.496
            0.673       0.112       9.408
            0.554       0.054      10.112
  1578  86.130e-08  16.016e-09  18.918e-07  20.171e-09
        56.783e-07  50.394e-09  41.525e-07  42.406e-08
            4.007       0.326       5.504
            3.747       0.161       5.376
            3.591       0.079       5.888
  1579  22.775e-08  14.515e-09  46.581e-08  16.820e-09
        31.774e-07  48.660e-09  14.528e-06  74.977e-08
            3.426       0.310       4.608
            3.248       0.152       4.800
            2.643       0.071       4.864
  1580  20.750e-08  14.707e-09  41.081e-08  16.791e-09
        14.045e-07  41.967e-09  27.380e-07  53.555e-08
            1.364       0.236       1.344
            1.209       0.115       1.472
            1.124       0.057       1.728
  1586  52.890e-08  22.117e-09  10.186e-07  24.864e-09
        15.995e-07  58.091e-09  15.806e-07  61.779e-08
            1.041       0.224       7.488
            0.906       0.109       7.680
            0.824       0.054       8.448
  1588  72.808e-10  31.746e-10  20.478e-09  30.990e-10
        10.335e-08  79.699e-10  69.017e-08  10.187e-08
            2.936       0.298       0.064
            1.434       0.123       0.192
            0.513       0.052       0.576
  1590  10.578e-07  24.715e-09  82.632e-08  22.245e-09
        12.134e-07  53.795e-09       0.000  35.502e-08
            0.662       0.197      14.400
            0.577       0.096      14.464
            0.493       0.047      15.232
  1601  28.466e-08  19.584e-09  36.273e-08  20.486e-09
        34.398e-07  55.875e-09  16.682e-06  88.124e-08
            2.273       0.295       3.520
            2.139       0.145       3.584
            1.957       0.070       4.096
  1604  16.904e-08  12.524e-09  21.476e-08  15.156e-09
        45.736e-08  40.533e-09  17.070e-07  64.177e-08
            0.631       0.225       2.048
            0.533       0.110       2.240
            0.446       0.054       2.368
  1606  50.824e-07  24.365e-09  88.182e-07  36.220e-09
        26.409e-06  95.069e-09  21.720e-06  90.667e-08
            8.539       0.422      96.192
            7.821       0.204      96.256
            5.645       0.089      37.824
  1609  28.398e-07  19.319e-09  54.686e-07  28.259e-09
        16.880e-06  77.054e-09  21.752e-06  66.837e-08
           67.589       1.207       9.280
           58.282       0.561       9.408
           38.757       0.233       8.768
  1611  41.028e-09  15.740e-09  70.163e-09  13.614e-09
        24.612e-08  30.548e-09       0.000  25.460e-08
            1.226       0.238       0.000
            0.994       0.114       0.128
            0.535       0.053       0.192
  1614  39.550e-08  29.013e-09  91.477e-08  31.083e-09
        21.809e-07  78.009e-09  10.643e-07  78.848e-08
            1.180       0.257       2.752
            1.014       0.126       2.816
            0.704       0.060       9.280
  1623  10.699e-07  28.436e-09  15.485e-07  25.605e-09
        73.989e-07  74.773e-09  22.821e-06  11.218e-07
            3.555       0.336       0.704
            2.979       0.158       0.832
            2.558       0.076       1.024
  1625  22.555e-07  16.110e-09  58.483e-07  25.821e-09
        27.205e-06  81.007e-09  80.769e-06  84.367e-08
           28.061       0.744       5.056
           27.293       0.367       5.120
           22.638       0.168       5.504
  1626  75.371e-09  96.855e-10  94.414e-09  10.737e-09
        30.977e-08  26.590e-09  85.926e-08  35.126e-08
            3.229       0.302       0.192
            2.629       0.142       0.256
            1.240       0.059       0.768
  1628  94.712e-08  22.156e-09  10.770e-07  20.156e-09
        23.789e-07  50.319e-09  16.693e-07  54.092e-08
            1.711       0.248       5.056
            1.406       0.119       5.184
            1.194       0.058       5.632
  1634  28.915e-09  13.387e-09  48.138e-09  13.946e-09
        67.690e-08  36.407e-09  32.109e-07  56.527e-08
            2.365       0.318       0.000
            1.803       0.151       0.192
            1.485       0.073       0.896
  1635  43.569e-10  36.049e-10  19.033e-09  31.432e-10
        88.225e-09  76.438e-10  58.213e-09  57.908e-09
            1.896       0.247       0.000
            1.164       0.114       0.192
            0.449       0.051       0.960
  1636  59.735e-09  93.526e-10  13.955e-08  10.715e-09
        31.442e-08  25.764e-09  17.006e-09  19.012e-08
            1.514       0.243       0.192
            1.363       0.118       0.256
            0.960       0.055       0.960
  1637  16.831e-09  14.952e-09  35.391e-10  11.858e-09
        16.397e-08  33.936e-09  17.421e-08  41.884e-08
            0.725       0.213       0.064
            0.568       0.104       0.064
            0.403       0.050       0.512
  1642  14.961e-08  16.303e-09  42.678e-08  18.249e-09
        13.659e-07  47.724e-09  39.552e-08  45.056e-08
            0.649       0.224       1.024
            0.503       0.108       5.504
            0.428       0.053       2.176
  1646  39.819e-08  33.549e-09  45.802e-08  32.628e-09
        10.098e-07  73.317e-09       0.000  46.255e-08
            1.023       0.245       0.000
            0.928       0.120       0.064
            0.494       0.055      18.560
  1651  47.573e-08  14.214e-09  37.489e-08  13.044e-09
        11.002e-07  36.532e-09  34.063e-07  62.325e-08
            3.028       0.289       0.320
            2.792       0.140       0.384
            2.398       0.067       1.088
  1652  27.367e-07  22.465e-09  48.683e-07  30.883e-09
        10.916e-06  78.689e-09  62.838e-07  75.178e-08
            4.232       0.328      51.648
            4.084       0.162      51.840
            3.931       0.080      51.904
  1653  51.385e-08  20.383e-09  44.843e-08  23.658e-09
        39.115e-08  56.016e-09  10.443e-07  91.042e-08
            0.800       0.215       4.416
            0.705       0.106       4.416
            0.488       0.051       4.864
  1655  43.823e-08  18.005e-09  49.303e-08  19.247e-09
        59.326e-08  47.774e-09  15.315e-07  80.096e-08
            0.618       0.209      11.200
            0.448       0.100      -0.064
            0.300       0.049      12.160
  1656  86.728e-08  42.076e-09  11.407e-07  36.711e-09
        21.538e-07  95.329e-09       0.000  89.551e-08
            1.711       0.250     150.016
            1.438       0.122     150.080
            0.923       0.056     150.400
  1657  92.498e-09  12.321e-09  16.273e-08  12.903e-09
        55.984e-08  33.095e-09  21.840e-08  31.717e-08
            0.533       0.189       1.600
            0.374       0.090       1.664
            0.302       0.044       1.792
  1659  11.353e-09  48.240e-10  87.934e-10  36.023e-10
        70.462e-09  95.658e-10  31.385e-08  14.156e-08
            1.087       0.296      -0.192
            0.745       0.140      -0.128
            0.322       0.065       0.128
  1660  82.200e-08  37.009e-09  99.560e-08  29.561e-09
        17.824e-07  65.797e-09  81.286e-08  57.055e-08
            1.919       0.309       0.320
            1.669       0.150       0.320
            1.529       0.073       0.896
  1661  17.553e-08  13.275e-09  20.605e-08  13.703e-09
        64.137e-08  35.096e-09  42.024e-07  63.726e-08
            0.530       0.207       2.368
            0.403       0.101       2.560
            0.298       0.050       1.472
  1662  87.785e-10  28.103e-10  10.132e-09  23.660e-10
        26.657e-09  66.699e-10  94.368e-09  11.538e-08
            1.766       0.241       0.000
            0.628       0.099       0.128
            0.183       0.044       0.448
  1663  33.729e-07  17.681e-09  72.944e-07  30.080e-09
        39.589e-06  93.718e-09  11.951e-05  83.846e-08
           20.238       0.644      16.064
           19.004       0.312      16.192
           16.729       0.147      16.576
  1664  59.619e-08  13.261e-09  13.082e-07  16.344e-09
        22.562e-07  37.013e-09       0.000  19.019e-08
           10.475       0.492       2.432
            8.683       0.228       2.560
            7.334       0.107       2.560
  1665  79.047e-10  18.812e-10  15.209e-09  18.638e-10
        11.957e-08  67.511e-10  96.683e-08  15.790e-08
            6.530       0.430       0.000
            1.995       0.146       0.064
            0.554       0.058       0.384
  1667  25.249e-08  18.444e-09  39.073e-08  22.433e-09
        47.303e-08  59.814e-09       0.000  45.292e-08
            0.595       0.206       0.448
            0.409       0.099       4.032
            0.295       0.048       0.512
  1676  28.746e-07  20.614e-09  50.837e-07  28.671e-09
        15.221e-06  75.749e-09  12.204e-06  69.683e-08
           11.723       0.507      25.408
           10.491       0.243      25.472
            6.527       0.098      28.096
  1679  94.177e-09  10.926e-09  79.391e-09  12.301e-09
        14.112e-08  29.863e-09  13.219e-07  68.013e-08
            0.528       0.202      -0.064
            0.477       0.100       0.000
            0.396       0.049       0.576
  1680       0.000  12.681e-10  36.931e-10  14.615e-10
        23.946e-09  44.759e-10  67.188e-09  10.932e-08
            1.002       0.229       0.000
            0.414       0.102       0.064
            0.095       0.048       0.832
  1683  49.805e-08  10.528e-09  84.865e-08  12.966e-09
        29.251e-07  33.224e-09  51.082e-07  31.529e-08
            7.712       0.424       2.432
            7.252       0.208       2.176
            5.900       0.096       2.432
  1687  10.755e-08  16.029e-09  24.412e-08  18.082e-09
        36.671e-08  44.283e-09       0.000  49.738e-08
            0.656       0.229      -0.064
            0.464       0.111      -0.064
            0.341       0.054       0.000
  1693  20.674e-08  25.846e-09  13.281e-08  20.132e-09
        25.976e-08  48.885e-09       0.000  56.477e-08
            0.915       0.284      -0.064
            0.699       0.138       0.128
            0.498       0.067       0.704
  1694  14.568e-09  21.585e-10  11.928e-09  26.897e-10
        12.451e-08  93.141e-10  48.920e-08  18.565e-08
            2.418       0.289       0.192
            1.853       0.135       0.192
            0.532       0.055       0.832
  1700  14.526e-08  10.910e-09  20.397e-08  11.543e-09
        66.575e-08  31.498e-09  95.596e-08  43.243e-08
            1.125       0.224       0.960
            1.014       0.109       1.152
            0.925       0.054       1.472
  1701  14.959e-08  12.263e-09  11.107e-08  12.586e-09
        27.448e-08  28.988e-09       0.000  22.352e-08
            1.990       0.275       0.000
            1.614       0.132       0.128
            0.842       0.059       0.704
  1704  69.420e-09  12.396e-09  14.690e-08  13.685e-09
        16.811e-08  34.004e-09  20.713e-07  64.325e-08
            0.652       0.222       6.144
            0.543       0.109       6.144
            0.370       0.053       6.720
  1709  11.689e-07  13.562e-09  19.735e-07  17.077e-09
        51.768e-07  42.104e-09  23.273e-07  27.375e-08
           13.611       0.514       2.112
           12.743       0.249       2.240
            9.990       0.113       2.624
  1711  97.072e-08  15.398e-09  18.543e-07  17.862e-09
        97.157e-07  51.875e-09  11.382e-06  40.262e-08
           21.704       0.662       5.248
           19.426       0.311       5.632
           15.437       0.140       6.080
  1712  18.123e-07  35.756e-09  35.453e-07  38.254e-09
        13.488e-06  93.034e-09  70.051e-07  72.118e-08
            3.261       0.312      78.336
            3.098       0.154      78.464
            2.470       0.072      78.912
  1714  31.345e-08  16.165e-09  19.875e-08  14.706e-09
        39.049e-08  45.942e-09  61.766e-08  83.290e-08
            0.634       0.220      -0.128
            0.332       0.106      17.536
            0.271       0.052       0.000
  1717  48.296e-08  11.862e-09  74.447e-08  15.172e-09
        22.617e-07  41.587e-09  13.140e-07  39.781e-08
            3.113       0.318       3.584
            3.002       0.157       3.648
            2.747       0.077       4.224
  1719  21.566e-09  99.345e-10  28.183e-09  10.263e-09
        40.790e-08  27.417e-09  14.261e-07  43.245e-08
            3.127       0.296       0.128
            2.798       0.143       0.256
            1.192       0.059       0.448
  1730  24.378e-08  14.141e-09  33.065e-08  17.147e-09
        86.987e-08  45.419e-09  53.474e-08  45.657e-08
            0.765       0.252       0.512
            0.591       0.123       0.512
            0.504       0.061       0.768
  1731  35.963e-08  17.323e-09  82.637e-08  20.029e-09
        35.145e-07  54.416e-09  72.370e-07  69.507e-08
            2.505       0.296       1.984
            2.278       0.146       2.304
            2.090       0.071       2.688
  1733  54.224e-08  19.314e-09  94.410e-08  20.619e-09
        49.934e-07  59.042e-09  24.752e-06  82.172e-08
            3.197       0.319       3.456
            3.004       0.156       3.584
            2.842       0.077       4.096
  1734  36.380e-08  18.824e-09  35.116e-08  16.279e-09
        63.000e-08  40.355e-09       0.000  37.693e-08
            2.012       0.279       3.392
            1.698       0.134       3.584
            1.088       0.061       3.840
  1736  78.031e-10  16.456e-10  16.982e-09  17.529e-10
        56.317e-09  45.126e-10       0.000  77.645e-09
            2.551       0.270       0.064
            1.276       0.115       0.192
            0.367       0.050       0.960
  1740  10.576e-08  23.203e-09  21.577e-08  20.618e-09
        94.185e-08  65.301e-09  13.603e-07  90.203e-08
            1.004       0.243       0.000
            0.824       0.118       0.000
            0.473       0.056       0.704
  1741  34.370e-10  35.268e-10  15.139e-09  30.179e-10
        72.205e-09  86.184e-10  20.964e-08  96.221e-09
            3.266       0.305       0.000
            1.179       0.121       0.128
            0.360       0.053       0.256
  1742  49.465e-08  19.631e-09  51.777e-08  21.556e-09
        10.413e-07  53.650e-09  93.666e-08  60.055e-08
            0.950       0.231      33.472
            0.787       0.113      33.216
            0.733       0.056      33.984
  1747  24.288e-09  11.134e-09  85.779e-10  11.445e-09
        20.803e-08  31.741e-09  36.188e-08  35.817e-08
            1.986       0.280       0.000
            0.935       0.121       2.432
            0.467       0.055       2.880
  1760  35.367e-09  36.847e-10  72.355e-09  39.085e-10
        35.251e-08  10.132e-09  73.099e-08  89.295e-09
            5.278       0.357       0.000
            3.685       0.162       0.320
            1.811       0.068       0.640
  1791  21.633e-09  74.332e-10  42.591e-09  87.116e-10
        15.163e-09  20.496e-09       0.000  33.348e-08
            1.923       0.256       0.064
            1.432       0.118       0.192
            0.413       0.049       0.832
  1806  25.063e-08  23.168e-09  34.240e-08  19.898e-09
        71.078e-08  49.291e-09  23.775e-08  46.141e-08
            0.676       0.225       0.320
            0.516       0.109       1.600
            0.446       0.054       1.536
  1807  13.900e-07  22.695e-09  17.871e-07  21.193e-09
        44.944e-07  53.089e-09       0.000  28.917e-08
            1.922       0.253       1.472
            1.914       0.125       1.536
            1.788       0.061       1.984
  1815  83.129e-08  29.915e-09  15.042e-07  29.051e-09
        44.535e-07  70.549e-09  43.732e-07  72.833e-08
            4.345       0.381      37.824
            4.042       0.186      37.824
            3.494       0.089      38.144
  1819  67.308e-09  19.097e-09  18.255e-08  15.584e-09
        12.381e-07  43.337e-09  23.735e-07  53.342e-08
            2.333       0.272       0.064
            2.005       0.131       0.192
            1.729       0.063       0.832
  1830  16.523e-08  46.870e-09  35.357e-08  37.900e-09
        14.176e-07  10.995e-08  86.812e-07  18.671e-07
            0.900       0.246     143.424
            0.665       0.121     146.176
            0.552       0.059     146.880
  1851  78.701e-10  11.123e-09  36.373e-09  11.856e-09
        13.479e-08  31.125e-09  10.043e-07  44.712e-08
            4.681       0.390       0.064
            1.781       0.146       0.192
            0.526       0.060       0.832
  1883  68.272e-08  13.991e-09  96.403e-08  16.742e-09
        34.964e-07  44.233e-09  40.189e-07  44.831e-08
            5.363       0.374       1.280
            5.200       0.184       1.408
            5.044       0.091       1.728
  1885  30.621e-08  18.685e-09  92.820e-08  21.516e-09
        21.577e-07  50.073e-09       0.000  28.033e-08
            0.883       0.212       2.368
            0.759       0.103       0.640
            0.644       0.050       4.672
  1886  11.187e-07  17.800e-09  33.918e-07  25.313e-09
        21.485e-06  80.815e-09  73.169e-06  82.454e-08
           16.683       0.617       6.784
           16.367       0.307       6.976
           15.648       0.150       7.488
  1922  22.926e-08  11.197e-09  37.234e-08  12.714e-09
        93.655e-08  32.358e-09  76.000e-08  35.213e-08
            3.532       0.307       3.520
            2.976       0.144       2.304
            1.785       0.062       4.160
  1924  40.696e-08  19.582e-09  51.120e-08  21.676e-09
        15.187e-07  56.964e-09  31.574e-07  75.626e-08
            1.230       0.247       0.448
            1.167       0.122       0.896
            0.982       0.059       1.408
  1953  37.504e-09  10.659e-09  39.895e-09  98.710e-10
        17.865e-08  24.693e-09  49.801e-08  36.739e-08
            2.270       0.315       0.128
            1.833       0.149       0.192
            0.702       0.062       0.896
  1956  69.693e-08  12.756e-09  90.472e-08  14.657e-09
        22.179e-07  38.130e-09  16.539e-07  41.286e-08
            2.795       0.275       2.752
            2.574       0.133       3.264
            2.416       0.065       3.264
  1967  53.312e-08  17.550e-09  11.457e-07  20.521e-09
        27.126e-07  47.743e-09       0.000  25.953e-08
            1.950       0.268       8.256
            1.717       0.131       8.256
            1.654       0.065       9.152
  1968  12.710e-09  38.574e-10  91.285e-10  30.349e-10
        78.388e-09  81.831e-10  16.133e-08  10.923e-08
            1.204       0.249      -0.064
            0.874       0.120       0.000
            0.355       0.055       0.512
  1974  25.419e-07  15.210e-09  28.321e-07  19.541e-09
        18.946e-07  43.854e-09  25.959e-08  39.742e-08
            5.699       0.377       1.408
            5.591       0.189       1.408
            4.945       0.091       1.792
  1982  69.431e-08  28.456e-09  18.486e-07  33.617e-09
        76.579e-07  87.592e-09  16.156e-06  97.598e-08
            1.779       0.260      16.000
            1.684       0.129      15.744
            1.603       0.064      16.512
  1989  28.689e-07  44.809e-09  41.073e-07  56.718e-09
        99.394e-07  16.046e-08  56.057e-06  28.811e-07
            2.963       0.312     116.160
            2.729       0.154     116.288
            2.651       0.076     117.824
  1991  79.403e-09  30.327e-09  17.474e-08  25.660e-09
             0.000  56.852e-09       0.000  55.173e-07
            1.050       0.261      -0.064
            0.790       0.126       0.064
            0.430       0.059       0.384
  1993  94.086e-08  21.844e-09  80.599e-08  21.034e-09
        70.603e-08  43.263e-09  25.237e-09  25.960e-08
            1.912       0.255       0.256
            1.693       0.125       0.384
            1.590       0.062       1.088
  1997  27.106e-07  31.114e-09  31.631e-07  34.820e-09
        84.703e-07  84.363e-09  10.186e-06  77.977e-08
           40.333       0.850       0.000
           16.347       0.284       0.192
            4.393       0.090       0.832
  2003  80.453e-10  31.541e-10  67.631e-10  25.404e-10
        89.133e-09  73.865e-10  13.769e-08  10.099e-08
            1.634       0.246       0.000
            1.397       0.117       0.192
            0.366       0.047       0.256
  2018  71.485e-08  15.083e-09  78.303e-08  17.474e-09
        86.516e-08  38.560e-09       0.000  26.721e-08
            1.189       0.232       9.280
            1.028       0.114       9.408
            0.956       0.056       9.600
  2019  63.444e-08  18.781e-09  98.419e-08  21.557e-09
        26.161e-07  56.489e-09  34.963e-07  67.388e-08
            1.718       0.298       1.152
            1.451       0.144       1.152
            1.407       0.071       1.664
  2035  61.525e-09  10.595e-09  77.108e-09  11.786e-09
        15.770e-08  28.376e-09  25.810e-08  36.305e-08
            2.526       0.287       0.000
            1.190       0.120       0.640
            0.591       0.054       0.960
  2037  25.474e-08  14.185e-09  44.094e-08  15.924e-09
        24.251e-07  43.796e-09  97.389e-07  59.685e-08
            8.355       0.493       0.704
            7.431       0.235       0.896
            4.725       0.098       1.024
  2040       0.000  12.075e-09  45.786e-09  12.618e-09
        12.630e-08  34.897e-09  72.643e-08  36.083e-08
            1.191       0.280       0.000
            0.953       0.135       0.384
            0.694       0.065       0.448
  2041  36.834e-09  13.600e-09  11.632e-08  11.372e-09
        75.129e-08  31.442e-09  49.664e-07  44.219e-08
            3.269       0.314       1.728
            2.407       0.144       1.920
            1.314       0.062       1.984
  2043  70.632e-10  27.755e-10  14.572e-09  28.790e-10
        32.410e-09  73.094e-10  46.685e-09  83.504e-09
            1.034       0.240      -0.064
            0.749       0.113       0.064
            0.238       0.050       0.064
  2044  34.027e-09  16.964e-09  33.542e-09  11.979e-09
        31.807e-08  29.015e-09  31.493e-07  53.290e-08
            0.749       0.203      -0.256
            0.610       0.100       0.576
            0.508       0.049       0.576
  2047  27.199e-08  15.340e-09  31.679e-08  17.672e-09
        76.051e-08  46.077e-09  10.389e-07  64.967e-08
            2.555       0.293      16.960
            2.115       0.140      17.088
            1.361       0.063      17.472
  2049  47.608e-10  16.793e-10  11.729e-09  18.293e-10
        68.082e-09  51.305e-10  28.553e-08  11.287e-08
            2.836       0.299       0.000
            1.238       0.124       0.064
            0.303       0.054       0.512
  2053  12.703e-08  95.161e-10  19.637e-08  11.718e-09
        60.056e-08  33.688e-09  97.520e-08  47.415e-08
            4.189       0.341       0.448
            3.771       0.164       0.576
            2.332       0.071       0.960
  2056  30.022e-09  17.407e-09  70.865e-09  16.541e-09
        10.522e-08  41.149e-09  94.437e-08  72.452e-08
            1.006       0.243       0.000
            0.685       0.114       0.128
            0.271       0.052       0.512
  2061  18.715e-07  37.090e-09  41.950e-07  47.302e-09
        20.954e-06  13.332e-08  30.880e-06  13.914e-07
            2.449       0.319      27.008
            2.193       0.154      28.416
            2.008       0.076      27.008
  2067  42.284e-07  23.954e-09  95.794e-07  36.575e-09
        43.827e-06  11.193e-08  32.359e-06  71.033e-08
           18.919       0.652      17.856
           18.099       0.319      18.048
           17.531       0.157      18.496
  2068  49.653e-09  37.038e-10  98.077e-09  40.285e-10
        37.804e-08  10.787e-09  21.843e-08  77.944e-09
           15.637       0.595       0.064
            7.890       0.222       0.192
            2.146       0.072       0.960
  2069  53.296e-09  13.346e-09  60.510e-09  13.229e-09
        27.407e-08  36.640e-09       0.000  58.728e-08
            0.561       0.225       1.088
            0.481       0.111      -0.064
            0.346       0.054       0.704
  2070  17.058e-08  22.360e-09  29.447e-08  17.331e-09
        97.186e-08  41.711e-09       0.000  30.520e-08
            0.858       0.230       0.960
            0.641       0.111       1.152
            0.513       0.054       1.728
  2074  91.138e-08  21.737e-09  14.005e-07  23.922e-09
        42.207e-07  58.318e-09  47.611e-07  57.033e-08
            1.648       0.250      19.456
            1.304       0.122      23.872
            1.219       0.060      23.936
  2077  46.084e-08  18.107e-09  64.763e-08  20.056e-09
        13.849e-07  49.897e-09       0.000  32.948e-08
            0.651       0.198       1.728
            0.438       0.095       1.920
            0.374       0.047       6.400
  2079  22.576e-08  18.127e-09  33.442e-08  20.639e-09
        94.190e-08  51.215e-09  16.042e-08  44.967e-08
            1.117       0.243       2.560
            0.939       0.118       4.224
            0.645       0.056       2.944
  2080  22.531e-07  24.195e-09  43.522e-07  32.061e-09
        13.764e-06  88.161e-09  12.398e-06  97.177e-08
            5.994       0.392      30.144
            5.641       0.191      30.208
            4.083       0.085      30.848